NS 100
ROOT: 6673
UHF: -1, 4, -3, 0
LHF: 6, -7, 7, 0
PHF: -7, -7, 6, 3
ROOT: 7641
UHF: 5, -7, -1, 0
LHF: 8, -5, 1, -6
PHF: 7, 1, -6, 5
ROOT: 7220
UHF: -9, 8, -1, -4
LHF: 8, 7, 7, -7
PHF: 3, 8, -2, -7
ROOT: 2558
UHF: -2, -4, 4, 4
LHF: 0, 6, -5, -7
PHF: 5, -1, 2, -1
ROOT: 3035
UHF: 2, -4, 1, 5
LHF: 5, -8, 1, -9
PHF: -4, 6, -1, 8
ROOT: 8653
UHF: 6, -5, 8, 6
LHF: 2, -7, -4, 7
PHF: -2, -3, -4, 7
ROOT: 6566
UHF: -6, -4, 1, 8
LHF: 5, -9, -2, 8
PHF: -4, -5, 6, -6
ROOT: 0416
UHF: 1, -7, -6, 8
LHF: -4, -7, -4, -9
PHF: -4, 7, 0, 6
ROOT: 5162
UHF: 7, 3, -6, -5
LHF: -6, -7, 6, 2
PHF: -5, 1, -4, 6
ROOT: 8826
UHF: -5, -6, -6, 8
LHF: -8, -4, 7, -3
PHF: -6, 3, 3, 8
ROOT: 1816
UHF: -4, -6, -6, -6
LHF: 2, -7, 5, -3
PHF: -8, -6, -4, 5
ROOT: 3672
UHF: 7, -4, -9, 7
LHF: 3, -4, 5, -7
PHF: 4, 7, -7, -1
ROOT: 5601
UHF: 3, -2, -9, -8
LHF: -1, 0, 8, 4
PHF: 8, 1, -8, -5
ROOT: 2338
UHF: -8, 6, -3, -7
LHF: 8, 0, -5, -8
PHF: 6, -6, 3, -4
ROOT: 1170
UHF: 1, -3, 4, -6
LHF: 1, 7, -7, -8
PHF: 2, 0, -8, 8
ROOT: 7245
UHF: 3, -7, 0, -9
LHF: 3, 7, -6, -1
PHF: -9, -9, -7, -3
ROOT: 3116
UHF: 2, -8, -3, -6
LHF: -9, 5, -3, 8
PHF: -4, -9, -7, 5
ROOT: 7500
UHF: -2, -3, -4, 1
LHF: -9, -7, 3, -6
PHF: -2, -6, 0, 7
ROOT: 7777
UHF: -9, 7, 8, 5
LHF: 7, 3, 2, 7
PHF: 7, -5, -9, -2
ROOT: 8557
UHF: -6, -2, 6, -1
LHF: -2, -4, 7, -3
PHF: 7, 5, 1, 4
ROOT: 4113
UHF: 8, -1, 6, -4
LHF: -9, -1, 1, -7
PHF: -6, 4, 0, 1
ROOT: 7610
UHF: 6, -6, 7, -9
LHF: -5, -4, 1, 0
PHF: 0, 0, 2, -1
ROOT: 8263
UHF: 4, 1, 5, -5
LHF: -6, 0, 1, 5
PHF: 6, -1, 3, -1
ROOT: 0085
UHF: -4, -3, -7, 5
LHF: 2, 0, 8, 3
PHF: -3, 0, -3, 4
ROOT: 6707
UHF: 1, -2, 1, 3
LHF: 2, 3, -5, -5
PHF: -5, 7, -3, -6
ROOT: 8532
UHF: 7, 7, -7, -9
LHF: 7, -7, -2, 6
PHF: 7, 5, 4, 4
ROOT: 4245
UHF: -8, 8, -1, -6
LHF: 6, -8, -2, 0
PHF: 4, 2, 0, 6
ROOT: 0430
UHF: 6, -3, 2, 4
LHF: 6, -5, 1, 8
PHF: -2, -1, -7, 3
ROOT: 0767
UHF: -9, 1, 1, -7
LHF: 5, -3, 3, -6
PHF: -9, -6, 6, 5
ROOT: 0351
UHF: 4, 3, -4, -6
LHF: 3, 8, -7, 6
PHF: -1, 8, -1, -2
ROOT: 5502
UHF: 6, -1, 0, 3
LHF: 1, 6, -9, 8
PHF: -1, -9, 4, -5
ROOT: 7706
UHF: 6, 7, 5, 5
LHF: 6, 5, -5, 3
PHF: -4, 1, 8, -5
ROOT: 4151
UHF: 7, 7, 5, -9
LHF: 1, -2, -9, 4
PHF: 1, -6, 3, -1
ROOT: 8273
UHF: 1, 4, -5, -3
LHF: -1, 4, 8, -3
PHF: 7, -5, 5, -1
ROOT: 8775
UHF: -1, -9, 6, 5
LHF: 5, -9, 2, -8
PHF: -4, -5, 5, 5
ROOT: 1336
UHF: 7, 2, -3, -2
LHF: 6, 2, 1, 3
PHF: -4, -3, -6, -2
ROOT: 5038
UHF: 3, -4, 8, -8
LHF: 5, -4, 2, 7
PHF: -5, -9, 1, -5
ROOT: 4481
UHF: -2, 6, -7, 5
LHF: -8, 3, 2, -2
PHF: 5, 1, 6, 2
ROOT: 7874
UHF: -5, 5, -9, -4
LHF: 3, 7, 1, 8
PHF: -5, 2, 0, 8
ROOT: 8337
UHF: -5, -3, -1, -3
LHF: 5, 6, 7, -7
PHF: 5, 8, -5, -4
ROOT: 3816
UHF: 5, -4, 5, 5
LHF: -5, -9, -2, -2
PHF: 0, -2, 2, -1
ROOT: 8603
UHF: 2, 2, 5, -7
LHF: -5, 7, -3, 5
PHF: -2, -9, 4, -8
ROOT: 3613
UHF: 2, 1, -1, 0
LHF: 4, -7, 6, -5
PHF: 7, -1, -2, 8
ROOT: 2877
UHF: -3, 5, 5, -6
LHF: 5, 7, 2, -6
PHF: 3, 3, 4, 2
ROOT: 2527
UHF: -8, -6, 1, -6
LHF: 7, -6, 3, 4
PHF: -4, -6, -1, -6
ROOT: 8183
UHF: 6, -8, -7, 7
LHF: -2, 0, 7, 2
PHF: 4, -9, -8, -1
ROOT: 5044
UHF: -8, -6, -1, -4
LHF: 8, 5, 0, 8
PHF: 3, -6, 4, -1
ROOT: 2240
UHF: 1, 0, -3, -2
LHF: 8, 8, 5, -7
PHF: -4, 1, -8, 3
ROOT: 6847
UHF: -9, -8, 2, -4
LHF: -9, -3, 4, -7
PHF: -9, -8, -5, -3
ROOT: 4574
UHF: 1, -3, 4, 0
LHF: -7, -1, 5, -7
PHF: -4, -7, -6, -4
ROOT: 3588
UHF: -3, -7, -2, -7
LHF: 7, -9, 1, 8
PHF: 1, -4, 6, -9
ROOT: 6612
UHF: -3, 4, 3, -4
LHF: -1, -2, 4, -8
PHF: 5, -1, 4, 0
ROOT: 7708
UHF: -1, -6, 7, 4
LHF: -9, -9, 7, 6
PHF: 0, 2, -8, -1
ROOT: 7802
UHF: -7, -6, -4, -5
LHF: -3, -3, 7, -4
PHF: -1, -2, -4, -6
ROOT: 6875
UHF: 5, -6, -4, 1
LHF: 0, -7, -3, 2
PHF: -4, -2, 8, 2
ROOT: 5206
UHF: -9, -3, 1, -3
LHF: 3, -7, -2, 5
PHF: 0, -5, 7, 4
ROOT: 0723
UHF: 8, 7, 8, -8
LHF: 0, -2, -7, -9
PHF: 7, 3, -3, 7
ROOT: 4108
UHF: 6, 5, 3, 3
LHF: 1, -7, 2, 1
PHF: 5, -6, -5, 5
ROOT: 2054
UHF: -5, 3, 5, 5
LHF: 8, -8, 2, 5
PHF: 1, -1, 2, -6
ROOT: 2241
UHF: -6, -2, -3, -3
LHF: 1, -9, 0, 3
PHF: 0, -3, -3, -4
ROOT: 2204
UHF: -1, 8, -5, 0
LHF: 6, 7, -1, 2
PHF: -2, -9, -6, -6
ROOT: 1530
UHF: -3, 5, 0, -8
LHF: -9, 8, -2, -6
PHF: -3, -3, 3, -1
ROOT: 2135
UHF: 6, -8, 2, 5
LHF: 0, 1, 5, -4
PHF: -7, 2, -2, -9
ROOT: 8755
UHF: 0, 3, 8, 2
LHF: 7, 4, 4, 8
PHF: 2, -8, 7, 4
ROOT: 7306
UHF: -7, -7, -9, -7
LHF: 5, 1, 3, -6
PHF: -7, -4, 2, 8
ROOT: 4681
UHF: 0, -3, -7, -4
LHF: 8, 3, -5, -4
PHF: -4, -1, 1, -3
ROOT: 7522
UHF: -3, 6, -4, 3
LHF: 1, 7, 5, 8
PHF: -3, 8, 4, 0
ROOT: 1174
UHF: -4, 3, 3, -2
LHF: 5, 0, -6, 7
PHF: -7, 6, 7, -1
ROOT: 7448
UHF: 8, 7, 2, -6
LHF: -7, 2, -4, 8
PHF: -9, -7, -4, -8
ROOT: 3156
UHF: 1, 6, 7, -5
LHF: -9, 5, -9, -6
PHF: 1, 4, 4, -7
ROOT: 0477
UHF: -4, 0, 3, -4
LHF: 8, -8, -7, 7
PHF: -2, 7, 6, 5
ROOT: 5541
UHF: 6, -1, 6, -2
LHF: 2, -1, -2, -9
PHF: 8, -6, -2, 2
ROOT: 6617
UHF: -6, 5, 5, 0
LHF: 0, -6, 1, 2
PHF: -3, -2, 8, 8
ROOT: 7587
UHF: 5, -6, -4, 4
LHF: 6, 0, -9, 1
PHF: -7, 0, -2, -6
ROOT: 7780
UHF: -7, 5, -2, -9
LHF: -7, 7, 4, 6
PHF: 2, 6, -9, 5
ROOT: 6023
UHF: -7, -9, -6, 0
LHF: 2, -9, -3, -3
PHF: 4, 7, 2, 3
ROOT: 4005
UHF: -9, 4, 1, -3
LHF: -8, -4, 5, -5
PHF: 6, -3, -4, 2
ROOT: 8823
UHF: -1, 2, -1, 5
LHF: -7, 0, -2, 8
PHF: 7, 5, -8, -7
ROOT: 5621
UHF: -4, -2, 5, 1
LHF: -2, -8, -6, -3
PHF: -6, -9, 4, -8
ROOT: 0520
UHF: -8, -9, 5, -7
LHF: 7, 1, -3, 7
PHF: -5, -1, -4, -2
ROOT: 0642
UHF: 3, -5, 4, -2
LHF: 1, -1, -5, 3
PHF: -1, 6, -2, -9
ROOT: 0524
UHF: 5, -1, -1, -2
LHF: -9, -6, -1, 5
PHF: 2, 5, -5, 0
ROOT: 0307
UHF: -3, 2, -6, 4
LHF: 1, 3, -5, 3
PHF: 4, 4, 2, 2
ROOT: 4055
UHF: -5, -7, -5, 1
LHF: 6, 2, -4, -4
PHF: -9, 7, -4, 3
ROOT: 2622
UHF: 2, -5, -5, 3
LHF: -9, -6, -7, -2
PHF: -2, 2, -7, 7
ROOT: 3215
UHF: 8, -8, 1, -8
LHF: 8, -1, 3, -2
PHF: -4, 5, -8, -3
ROOT: 0632
UHF: 1, 0, -1, 3
LHF: -7, -1, 4, -1
PHF: 2, -9, 7, -6
ROOT: 6121
UHF: 6, 0, -7, 7
LHF: 7, -3, -5, 3
PHF: 5, -6, -7, -9
ROOT: 8872
UHF: 3, 5, -2, -6
LHF: -3, -2, -7, -2
PHF: -1, 6, 3, 8
ROOT: 8844
UHF: 6, 1, -3, -9
LHF: -2, 0, -4, 0
PHF: -9, -9, 4, 6
ROOT: 4581
UHF: -9, -9, 3, -8
LHF: 8, 4, 3, 4
PHF: -1, -6, 1, -8
ROOT: 0446
UHF: -8, -9, 2, -3
LHF: 1, 7, 6, 2
PHF: 2, 0, -3, 4
ROOT: 1570
UHF: 0, 3, -2, 0
LHF: -9, 1, 8, -5
PHF: -8, -5, 2, -3
ROOT: 8323
UHF: 5, -1, 3, -9
LHF: 0, 1, 8, -9
PHF: 7, -9, 2, -6
ROOT: 8207
UHF: 5, -1, -6, 8
LHF: 2, 3, -9, -1
PHF: 3, -7, -9, 3
ROOT: 4746
UHF: -1, 8, -7, 8
LHF: -2, -2, 8, -3
PHF: 8, -6, -1, -9
ROOT: 5175
UHF: 1, 3, -4, -5
LHF: 5, 2, -7, 6
PHF: 8, -4, 5, 3
ROOT: 7176
UHF: 6, -1, 2, -4
LHF: 0, 6, 0, -7
PHF: -3, -4, -6, 2
ROOT: 1437
UHF: -3, 7, 4, -7
LHF: -3, 8, -2, -9
PHF: -4, -3, 3, 1
ROOT: 1148
UHF: 2, -6, 2, 2
LHF: 2, 6, 1, 3
PHF: -3, 6, 0, 8
